     0/199     6.42G   0.07418  0.006635   0.02806    0.1089        47       320  0.005945   0.02511   0.00368 0.0008336   0.09943  0.008601   0.03113
     1/199     6.44G   0.06551  0.007213   0.02611   0.09883        56       320   0.01532   0.06661  0.009165  0.002342   0.07997  0.009517   0.02997
     2/199     6.44G   0.05662  0.008146   0.02365   0.08842        46       320    0.0436    0.2714   0.04244   0.01138   0.07239  0.009508   0.02749
     3/199     6.44G   0.05051  0.008073   0.02219   0.08077        54       320    0.2284    0.5007    0.2248   0.09138   0.07305  0.009204   0.02639
     4/199     6.44G    0.0514  0.007561   0.02256   0.08152        49       320    0.3339    0.4805    0.3276    0.1915   0.08207   0.00838   0.02604
     5/199     6.44G   0.05025  0.007041   0.02096   0.07825        48       320    0.3591    0.5674    0.3963    0.2351   0.08405  0.008018   0.02613
     6/199     6.44G   0.05148  0.006788   0.02202   0.08029        44       320    0.3316    0.4105    0.3112    0.1913    0.0858  0.007897   0.02728
     7/199     6.44G   0.05233  0.006357   0.02127   0.07995        44       320    0.3073    0.6126    0.4061    0.2342   0.08037  0.007846   0.02565
     8/199     6.44G    0.0498  0.006391   0.02111    0.0773        46       320     0.276    0.4889    0.2612    0.1417   0.08595  0.008195   0.02616
     9/199     6.44G   0.05367   0.00647   0.02293   0.08307        39       320    0.3708    0.3891    0.3619     0.204   0.08276  0.007941   0.02694
    10/199     6.44G   0.05483  0.006379   0.02236   0.08357        44       320    0.3262   0.07033   0.06506   0.02499   0.09715  0.007813   0.03027
    11/199     6.44G   0.05126  0.006442   0.02069   0.07839        43       320  0.002593   0.04163  0.001745 0.0005017    0.1022  0.008368   0.03164
    12/199     6.44G   0.05074  0.006524   0.02092   0.07819        37       320  0.003557    0.1292  0.002998 0.0007614   0.09694    0.0129    0.0295
    13/199     6.44G   0.05236  0.006479   0.02037   0.07921        39       320  0.003175   0.02913 0.0007964 0.0002713    0.1084    0.7683   0.05101
    14/199     6.44G   0.05378  0.006597   0.02269   0.08307        49       320  0.001474     0.239 0.0006401  0.000178    0.1028   0.06964   0.03158
    15/199     6.44G   0.05355  0.006561   0.02124   0.08135        46       320   0.04824   0.03644   0.03113  0.007811    0.1084    0.0125   0.04733
    16/199     6.44G   0.05476  0.006769   0.02324   0.08477        50       320     0.016    0.1489    0.0108  0.001996    0.1046   0.00812   0.03322
    17/199     6.44G   0.05557  0.006585   0.02453   0.08668        47       320  0.002918    0.2662  0.001491 0.0002818    0.1323     2.711    0.7715
    18/199     6.44G   0.05328  0.006369   0.02185   0.08149        50       320  0.005581    0.3644     0.003 0.0007632    0.1223    0.3207    0.1752
    19/199     6.44G   0.05021  0.006249   0.01802   0.07448        42       320    0.3987    0.2372    0.1921   0.07526   0.09374   0.00752   0.02627
    20/199     6.44G   0.05512   0.00606   0.01839   0.07956        42       320    0.5049    0.2573    0.2692    0.1297   0.08276  0.007527   0.02754
    21/199     6.44G   0.06207  0.006296   0.02183   0.09019        41       320    0.0367    0.1786   0.02237  0.006326    0.1016   0.00743   0.04632
    22/199     6.44G   0.05213  0.006147   0.01884   0.07711        46       320    0.2436    0.2231    0.2299     0.111   0.09292  0.007442   0.03088
    23/199     6.44G   0.05475  0.006405   0.01851   0.07966        47       320    0.4794    0.1403    0.1753   0.08403    0.1043  0.006766   0.04038
    24/199     6.44G   0.04858  0.006569   0.01825    0.0734        47       320   0.02679    0.1667   0.01101  0.002738     0.125  0.009854     0.109
    25/199     6.44G   0.05818  0.006329   0.01795   0.08246        35       320   0.02019    0.3017  0.008126   0.00183    0.1199   0.01664    0.1354
    26/199     6.44G   0.05238  0.005674   0.01534   0.07339        36       320    0.6784    0.3923    0.4861    0.2046   0.08371  0.007234   0.02469
    27/199     6.44G   0.06367  0.005983   0.02025    0.0899        44       320    0.3387    0.5266    0.4012    0.1862   0.08207  0.007567   0.02447
    28/199     6.44G   0.05075  0.005913   0.01703   0.07369        51       320    0.3685    0.3531    0.2964    0.1275   0.08761  0.007729   0.02959
    29/199     6.44G   0.04706  0.005867   0.01543   0.06835        51       320    0.6307    0.3765    0.4321    0.2211   0.08682  0.007291    0.0251
    30/199     6.44G   0.05484  0.005788   0.01686   0.07749        34       320     0.467    0.5746     0.516    0.2121   0.08688  0.007552   0.02539
    31/199     6.44G   0.04666  0.006061   0.01461   0.06733        51       320    0.3859    0.3129    0.3301    0.1563     0.089  0.007959   0.02838
    32/199     6.44G    0.0467   0.00616   0.01542   0.06828        42       320    0.4928      0.37    0.3216    0.1441   0.09077  0.007174   0.02509
    33/199     6.44G   0.05196  0.005969   0.01532   0.07325        48       320    0.2647    0.3627    0.2586    0.1036   0.08698  0.007615   0.02619
    34/199     6.44G   0.05223  0.005913   0.01624   0.07438        38       320    0.4458    0.4954      0.42    0.2242   0.08484  0.006775   0.02686
    35/199     6.44G   0.05811  0.005907    0.0142   0.07822        41       320    0.7546    0.5098    0.6507    0.3995   0.08326  0.006508   0.02203
    36/199     6.44G   0.04075   0.00565   0.01318   0.05958        49       320    0.3406    0.2655     0.189   0.09409   0.08974  0.008552   0.03347
    37/199     6.44G   0.05483  0.006183   0.01803   0.07905        48       320    0.3868    0.1387   0.08561   0.02851   0.09579  0.007194   0.03183
    38/199     6.44G   0.05421  0.006102   0.01693   0.07725        38       320  0.005262    0.3597  0.004001 0.0008598     0.128   0.05244     0.774
    39/199     6.44G   0.05544  0.006104   0.01849   0.08004        33       320   0.02593    0.1804   0.01501  0.006347     0.104   0.02307    0.1222
    40/199     6.44G   0.04688  0.006125   0.01762   0.07062        42       320    0.1462    0.1717    0.1381   0.06473     0.101   0.00821   0.05877
    41/199     6.44G   0.04191  0.006115   0.01485   0.06288        48       320   0.07719     0.109    0.0552   0.02091   0.09652  0.007915   0.05758
    42/199     6.44G   0.05144  0.006231   0.01676   0.07442        51       320    0.2119      0.32    0.2146   0.09819   0.08589  0.007856   0.03807
    43/199     6.44G   0.05546  0.005885   0.01841   0.07976        49       320    0.2951    0.4916    0.3595    0.1571   0.07567  0.008093   0.03159
    44/199     6.44G   0.03806  0.006022   0.01286   0.05695        51       320    0.3297    0.5018    0.4437    0.2361   0.07426  0.008102   0.03551
    45/199     6.44G    0.0427  0.005921   0.01334   0.06197        40       320     0.516    0.3336     0.373    0.1899   0.08227  0.008089   0.03971
    46/199     6.44G   0.06115  0.006316   0.02379   0.09126        42       320    0.3527    0.3468    0.3597     0.182   0.07441  0.008558   0.03085
    47/199     6.44G    0.0468  0.006138   0.01377   0.06671        53       320    0.4297    0.4655    0.4022    0.2191   0.07104  0.009028   0.03011
    48/199     6.44G   0.04676   0.00585   0.01884   0.07145        50       320    0.3374    0.2797    0.1238   0.05538   0.08211  0.009298     0.036
    49/199     6.44G   0.04463  0.005915    0.0152   0.06575        47       320    0.4776    0.2524    0.2342    0.1022   0.07953  0.008916   0.04828
    50/199     6.44G   0.04899  0.005773   0.01792   0.07268        43       320    0.7398    0.3258    0.3878    0.2266   0.07354  0.008288   0.05245
    51/199     6.44G   0.04242  0.005841   0.01278   0.06104        47       320    0.5825    0.3955    0.4331    0.2534   0.07259  0.008486     0.056
    52/199     6.44G   0.04006  0.005662   0.01243   0.05815        49       320    0.7282    0.5793    0.7001    0.4177   0.07069  0.007706   0.04532
    53/199     6.44G   0.04686  0.005505   0.01335   0.06571        46       320    0.7279    0.6817    0.7498    0.4515   0.06986  0.007445   0.03702
    54/199     6.44G   0.04564  0.005592   0.01394   0.06517        39       320    0.3523    0.5154    0.3161    0.1539   0.07988  0.009191   0.07083
    55/199     6.44G   0.05297  0.005601   0.01443     0.073        48       320    0.2385    0.3792    0.1436   0.06473   0.08731   0.07075   0.09793
    56/199     6.44G   0.03865  0.005338   0.01017   0.05416        45       320    0.5065     0.586    0.4515    0.2817   0.07111   0.01509   0.04475
    57/199     6.44G   0.04779  0.005366   0.01323   0.06638        41       320    0.7621    0.7122    0.7231    0.4286   0.06446  0.007387   0.02822
    58/199     6.44G   0.03963  0.005306   0.01126    0.0562        62       320    0.8361    0.8053    0.8705    0.5357   0.06047  0.007531   0.01924
    59/199     6.44G    0.0373  0.005288  0.008769   0.05136        41       320    0.4771    0.4216    0.4151    0.2132   0.07408  0.008543    0.0239
    60/199     6.44G   0.04361   0.00536   0.01143   0.06041        48       320    0.5933    0.5521    0.5628    0.3238   0.06776  0.008238   0.02458
    61/199     6.44G    0.0402  0.005467   0.01147   0.05713        48       320    0.7415    0.5063    0.5786    0.3515   0.06722  0.008866   0.02496
    62/199     6.44G   0.04477  0.005417    0.0131   0.06329        50       320    0.1952    0.1442   0.06236   0.02671   0.07758   0.01103    0.1361
    63/199     6.44G   0.04805  0.005752   0.01952   0.07332        52       320    0.5212    0.1392    0.1508   0.05662   0.07367  0.009748   0.04275
    64/199     6.44G   0.04305  0.005666    0.0136   0.06232        44       320    0.5017    0.2827    0.2091   0.09064   0.07553  0.009582    0.1201
    65/199     6.44G   0.05166  0.005629   0.01594   0.07323        41       320    0.3368    0.4172    0.2885    0.1202   0.07606  0.009321    0.1456
    66/199     6.44G   0.03924  0.005454   0.01216   0.05686        37       320    0.4687    0.5514    0.5251     0.266   0.07985   0.00803   0.09995
    67/199     6.44G   0.03941  0.005379   0.01117   0.05596        47       320    0.6352    0.4988    0.5438    0.3313   0.07191  0.007784    0.1017
    68/199     6.44G   0.03964  0.005153  0.008909    0.0537        49       320     0.691    0.6481    0.6684    0.3844   0.06549  0.007738     0.079
    69/199     6.44G   0.03933  0.005079  0.009699   0.05411        49       320    0.7953    0.7587    0.8461    0.5357   0.06739  0.006822   0.04873
    70/199     6.44G   0.03748  0.005037  0.009956   0.05247        45       320    0.4178    0.4624    0.4405    0.2472   0.07338  0.008247    0.0405
    71/199     6.44G   0.04049  0.005071   0.01042   0.05598        43       320    0.9164    0.7082    0.8519    0.5496   0.06582  0.006716   0.02785
    72/199     6.44G   0.03982  0.004928   0.00921   0.05396        49       320    0.9266    0.8701    0.9263    0.6217    0.0637  0.006966   0.01921
    73/199     6.44G   0.05033  0.005114   0.01135   0.06679        37       320    0.8979    0.8802    0.9242    0.6445   0.06128  0.006904   0.01668
    74/199     6.44G   0.03364  0.004936  0.007556   0.04613        45       320    0.9467    0.8671    0.9438    0.6558    0.0606  0.006834   0.01648
    75/199     6.44G   0.03466  0.005001   0.00887   0.04853        53       320    0.7235    0.6947    0.7672    0.4707   0.06705  0.007652   0.02295
    76/199     6.44G   0.04262   0.00521  0.009724   0.05755        37       320  0.005566   0.03583 0.0004865 7.024e-05     0.107   0.05835     1.992
    77/199     6.44G   0.03499  0.005516  0.009383   0.04988        47       320    0.2117    0.1251  0.003103 0.0004665       nan       nan       nan
    78/199     6.44G   0.04368  0.005311   0.01172   0.06071        40       320    0.1296    0.4771   0.07646   0.03706    0.0924    0.1545    0.8653
    79/199     6.44G   0.04167  0.005151   0.01102   0.05785        47       320    0.4134    0.3405    0.2747    0.1616   0.08527   0.01439    0.3715
    80/199     6.44G   0.04515  0.005121   0.01003   0.06031        52       320    0.6479    0.4638    0.5078    0.3087    0.0733  0.009512   0.04705
    81/199     6.44G   0.03294  0.004976  0.007629   0.04555        47       320    0.8328    0.6907    0.8016    0.5331   0.06601  0.007552   0.01978
    82/199     6.44G   0.03458  0.004899  0.006931   0.04641        57       320     0.912    0.8531    0.9247     0.646   0.06346  0.007042   0.01584
    83/199     6.44G   0.03416  0.004715  0.007145   0.04602        61       320    0.9357    0.9049    0.9552    0.6768    0.0621  0.006571   0.01531
    84/199     6.44G    0.0365  0.005144  0.007107   0.04875        45       320    0.6812    0.5325    0.6134    0.3756   0.06691  0.008743   0.02681
    85/199     6.44G   0.04469   0.00561   0.01151   0.06181        47       320    0.7869    0.7484    0.7845    0.4438   0.06811  0.008234   0.01949
    86/199     6.44G   0.04007  0.005625  0.009949   0.05565        55       320    0.8976    0.8408    0.9026    0.5456   0.06201  0.007555   0.01713
    87/199     6.44G   0.04215  0.005267  0.008409   0.05583        46       320    0.8997    0.8226    0.8993     0.605   0.06211  0.006988   0.01714
    88/199     6.44G   0.03227  0.005288  0.007548   0.04511        46       320    0.7532    0.7981      0.84    0.5851   0.06667  0.006651   0.01835
    89/199     6.44G   0.03848  0.005168  0.007404   0.05105        37       320    0.7459    0.7397    0.7622    0.4772   0.06804  0.007037   0.01947
    90/199     6.44G    0.0377  0.005145  0.008941   0.05179        39       320     0.713    0.6803    0.7368    0.4598   0.06638  0.007372   0.02449
    91/199     6.44G   0.04223  0.005046  0.008801   0.05608        50       320    0.7338    0.7869    0.8003    0.5046   0.06389  0.007293   0.02211
    92/199     6.44G   0.03532  0.005108   0.01045   0.05088        53       320    0.8683    0.7601    0.8534    0.5844   0.06252  0.006758   0.01929
    93/199     6.44G   0.04489  0.005098   0.01089   0.06087        43       320    0.8722     0.874    0.9203    0.6296   0.06289  0.006617   0.01645
    94/199     6.44G    0.0378  0.004809  0.008479   0.05108        47       320    0.9233    0.8994    0.9463    0.6763   0.06279  0.006531   0.01579
    95/199     6.44G    0.0322  0.004705  0.005723   0.04262        51       320    0.9479    0.8888    0.9534    0.6962   0.06263  0.006142   0.01595
    96/199     6.44G   0.04236  0.004599  0.009982   0.05694        49       320    0.9473    0.9267    0.9659    0.7018   0.06255  0.006227   0.01582
    97/199     6.44G   0.02984  0.004746  0.005971   0.04056        46       320    0.9602    0.9125     0.963    0.7174   0.06156  0.005889   0.01566
    98/199     6.44G    0.0368   0.00477  0.008086   0.04965        47       320    0.9085    0.9103    0.9511    0.7049    0.0599  0.005938   0.01521
    99/199     6.44G   0.02351  0.004663  0.004091   0.03227        42       320    0.9096    0.8616    0.9361    0.6854   0.05987  0.006455   0.01528
   100/199     6.44G   0.02768  0.004847  0.005849   0.03837        49       320     0.933      0.87    0.9422    0.6829   0.06091  0.006529   0.01471
   101/199     6.44G   0.03037  0.004617  0.006759   0.04175        34       320    0.9139    0.8663    0.9311    0.6446   0.06142  0.006534   0.01424
   102/199     6.44G   0.04191  0.004675  0.008662   0.05525        46       320    0.9507    0.8182     0.919    0.6541   0.06278  0.006474   0.01735
   103/199     6.44G   0.04394  0.004727  0.008229    0.0569        49       320    0.9168    0.8402    0.9252      0.66   0.06209  0.006493   0.01854
   104/199     6.44G   0.04149  0.004605  0.007671   0.05377        45       320    0.9236    0.8528    0.9172     0.671   0.06296  0.006419   0.01761
   105/199     6.44G   0.03273    0.0047  0.006201   0.04363        38       320    0.7651    0.8585    0.7617    0.5581   0.06309  0.007259   0.01754
   106/199     6.44G   0.02511  0.004575  0.004522   0.03421        43       320      0.87    0.8317    0.8547    0.6175   0.06199  0.006798   0.01658
   107/199     6.44G   0.04745  0.004475  0.008531   0.06046        49       320    0.8517    0.8745    0.8361    0.6248   0.06034  0.006841   0.01552
   108/199     6.44G   0.03949  0.004626  0.008546   0.05266        57       320    0.8118    0.8586    0.7963    0.5634   0.06157  0.007975   0.01653
   109/199     6.44G   0.03416  0.004769  0.007045   0.04597        44       320    0.9145    0.9327    0.9441    0.6917   0.05919  0.006493   0.01445
   110/199     6.44G   0.04319  0.004578  0.009683   0.05746        39       320    0.9261    0.9106    0.9405    0.6673   0.05905  0.006394   0.01469
   111/199     6.44G   0.04971  0.004596  0.008084   0.06239        39       320    0.9359    0.8694    0.9302    0.6531   0.05913  0.006376   0.01403
   112/199     6.44G   0.04609  0.004554  0.008686   0.05934        49       320    0.9512    0.8782    0.9466    0.6711   0.05923  0.006284   0.01397
   113/199     6.44G   0.03453  0.004338    0.0081   0.04697        43       320    0.9531    0.9088    0.9636     0.718   0.05761  0.006361   0.01397
   114/199     6.44G   0.02901  0.004427  0.006843   0.04028        44       320    0.9488    0.8988    0.9568    0.7123   0.05697  0.006482   0.01381
   115/199     6.44G   0.03033  0.004509  0.005895   0.04074        36       320    0.9294    0.9065    0.9517    0.7089   0.05701  0.006657   0.01382
   116/199     6.44G   0.04389  0.004288   0.00689   0.05507        38       320    0.9476     0.921    0.9683    0.7314   0.05582  0.006441   0.01328
   117/199     6.44G   0.03843  0.004365  0.007448   0.05024        43       320    0.9654    0.9336     0.978    0.7474   0.05573  0.006276   0.01335
   118/199     6.44G   0.03779   0.00444  0.007854   0.05009        46       320    0.9374    0.9188    0.9659    0.7194   0.05613  0.006178   0.01455
   119/199     6.44G    0.0393  0.004458  0.007372   0.05113        55       320    0.9262    0.8986    0.9562    0.7226   0.05634  0.006394   0.01425
   120/199     6.44G   0.04911  0.004819   0.01035   0.06427        42       320    0.8654    0.7857    0.8725    0.6094   0.06315   0.00707   0.01621
   121/199     6.44G   0.05005  0.005183   0.01276     0.068        50       320    0.6455    0.5292    0.5799    0.3815   0.07338  0.007647   0.02805
   122/199     6.44G    0.0464    0.0053   0.01138   0.06308        61       320    0.5846    0.4693    0.5061    0.3112   0.07993  0.007913   0.03035
   123/199     6.44G   0.04658  0.004759   0.01058   0.06192        49       320    0.8123    0.6953    0.7657    0.5055   0.06903  0.007132   0.02283
   124/199     6.44G   0.03764  0.005274  0.008754   0.05167        50       320    0.7287    0.8083    0.8396    0.5544   0.06128  0.007368   0.02055
   125/199     6.44G   0.04112  0.005531  0.009741   0.05639        59       320    0.7954    0.7305    0.8221    0.5533   0.06044  0.006766   0.02082
   126/199     6.44G   0.04162  0.005026    0.0105   0.05715        38       320    0.8639     0.814    0.8913    0.6164   0.05936    0.0067   0.01766
   127/199     6.44G   0.04417  0.004997   0.00927   0.05843        44       320     0.898    0.8511    0.9364    0.6635   0.05658  0.006576   0.01597
   128/199     6.44G   0.04362  0.005666   0.01125   0.06054        44       320    0.1148    0.1923   0.06235   0.03197   0.08551   0.01204   0.08191
   129/199     6.44G   0.04749  0.005575   0.01305   0.06612        49       320     0.593    0.3004    0.2652    0.1437   0.07617   0.01094   0.04873
   130/199     6.44G   0.04174  0.005194  0.009186   0.05612        54       320    0.7023    0.6483    0.6825     0.449   0.06284  0.008311   0.02968
   131/199     6.44G   0.04126  0.005159  0.009679    0.0561        43       320    0.8594     0.742    0.8649     0.622   0.05714  0.006927   0.02115
   132/199     6.44G   0.04721  0.005022   0.01048   0.06271        51       320    0.9046    0.7714    0.8987    0.6569   0.05682  0.006919   0.01963
   133/199     6.44G   0.04447  0.004934  0.009401   0.05881        47       320    0.9051    0.8137    0.9151    0.6786   0.05705  0.006823   0.01863
   134/199     6.44G   0.03754  0.004852  0.009121   0.05151        45       320     0.853    0.7895    0.8906    0.6435   0.05741   0.00703   0.01925
   135/199     6.44G   0.03682  0.005187  0.009082   0.05109        65       320    0.7573    0.7567    0.8541    0.5922   0.05805   0.00714   0.02154
   136/199     6.44G    0.0465  0.005002   0.01053   0.06203        46       320     0.794    0.8223    0.8876    0.6222   0.05801  0.007101   0.01948
   137/199     6.44G   0.04073  0.004939   0.01073    0.0564        42       320    0.9017    0.8787    0.9362    0.6879   0.05732  0.006859   0.01709
   138/199     6.44G   0.03106  0.004724  0.007391   0.04318        41       320      0.92    0.8517    0.9329    0.6973   0.05737  0.006609   0.01794
   139/199     6.44G   0.04482  0.004726  0.009901   0.05945        50       320    0.9361    0.8346    0.9323    0.7002   0.05751   0.00688   0.01845
   140/199     6.44G   0.04289  0.004578  0.009047   0.05651        47       320    0.9183    0.8528    0.9277    0.7021   0.05754  0.006708   0.01703
   141/199     6.44G   0.03745   0.00466  0.007603   0.04971        53       320    0.9253    0.8734     0.932    0.7109   0.05716  0.006617   0.01671
   142/199     6.44G   0.04192  0.004469  0.009417   0.05581        40       320    0.8955    0.8578    0.9294    0.6775   0.05613  0.006959   0.01559
   143/199     6.44G   0.04136  0.004703  0.007351   0.05342        49       320    0.8526    0.7878    0.8944    0.6391   0.05399  0.007334   0.01744
   144/199     6.44G   0.02947  0.004703  0.006027    0.0402        50       320    0.9491    0.7655    0.9092    0.6444   0.05442  0.007502    0.0163
   145/199     6.44G   0.04056  0.004884  0.009168   0.05461        47       320    0.8693     0.891    0.9375    0.6768   0.05494  0.007126   0.01466
   146/199     6.44G   0.03668  0.004525  0.007606   0.04881        49       320    0.9309    0.9246    0.9604    0.7277   0.05403  0.006953   0.01348
   147/199     6.44G   0.03898  0.004578  0.007867   0.05143        41       320    0.9592    0.9162    0.9649    0.7512   0.05333  0.006973    0.0133
   148/199     6.44G   0.03756  0.004312  0.007776   0.04965        48       320    0.9582    0.9318    0.9683    0.7497   0.05446   0.00686   0.01342
   149/199     6.44G   0.03121  0.004418  0.006555   0.04218        57       320    0.9795    0.8985    0.9707    0.7678   0.05489  0.006744    0.0136
   150/199     6.44G   0.02529  0.004256  0.004293   0.03384        44       320    0.9577    0.9092    0.9675    0.7582   0.05481  0.006721    0.0137
   151/199     6.44G   0.03393  0.004374  0.006478   0.04478        52       320    0.9435     0.896    0.9619    0.7505    0.0534    0.0067   0.01363
   152/199     6.44G   0.02557  0.004558  0.004751   0.03488        38       320     0.927    0.8904    0.9481    0.7261   0.05379  0.006851   0.01389
   153/199     6.44G   0.03419  0.004716  0.006036   0.04495        52       320    0.8621    0.7407    0.8404    0.5821      0.06  0.008299   0.01772
   154/199     6.44G   0.03482  0.004693  0.007188    0.0467        38       320    0.7604    0.6135     0.703    0.4692   0.06122  0.008962   0.02514
   155/199     6.44G   0.04566  0.004528  0.008988   0.05917        53       320    0.8025    0.7893    0.8504    0.6045   0.05595  0.007966    0.0204
   156/199     6.44G    0.0432   0.00453   0.00854   0.05627        53       320    0.9545    0.8478    0.9444    0.7167   0.05197  0.007215   0.01601
   157/199     6.44G   0.04864  0.004786  0.009584   0.06301        45       320     0.951    0.8903    0.9647    0.7291    0.0498  0.007137   0.01399
   158/199     6.44G   0.04758   0.00507   0.01043   0.06308        45       320    0.9117      0.91     0.956    0.7312   0.04769   0.00688   0.01413
   159/199     6.44G   0.02997  0.004769  0.006571    0.0413        51       320    0.9438     0.869    0.9521    0.7374   0.04625  0.007013   0.01375
   160/199     6.44G    0.0383  0.004394  0.007933   0.05062        45       320    0.9299     0.922      0.96    0.7496   0.04519  0.007227   0.01361
   161/199     6.44G    0.0395   0.00458  0.008878   0.05296        31       320    0.9449    0.9044    0.9592    0.7589   0.04493  0.007163   0.01361
   162/199     6.44G   0.04414  0.004481  0.008043   0.05666        48       320    0.9442    0.9169    0.9633    0.7631   0.04492  0.007109   0.01368
   163/199     6.44G   0.04721  0.004437  0.009666   0.06131        43       320    0.9571    0.9147    0.9662    0.7618   0.04483  0.007092   0.01326
   164/199     6.44G   0.03706  0.004463  0.007268   0.04879        52       320    0.9537     0.917     0.968    0.7675   0.04502  0.007057   0.01327
   165/199     6.44G   0.04814  0.004449  0.009934   0.06252        44       320    0.9571    0.9274    0.9704    0.7698   0.04522  0.006986   0.01297
   166/199     6.44G   0.03129  0.004456  0.006178   0.04192        49       320    0.9647    0.9281    0.9724    0.7712   0.04536  0.006961   0.01264
   167/199     6.44G   0.03965  0.004319  0.007731    0.0517        47       320    0.9592    0.9423    0.9768    0.7713   0.04545  0.007007    0.0126
   168/199     6.44G   0.04065  0.004299  0.007045     0.052        40       320    0.9554    0.9484    0.9748    0.7679    0.0454  0.006991   0.01268
   169/199     6.44G   0.03681   0.00428   0.00622   0.04731        46       320    0.9347    0.9576    0.9744     0.771   0.04528  0.006993   0.01277
   170/199     6.44G   0.03929  0.004262  0.007922   0.05148        49       320    0.9578    0.9421    0.9773    0.7725   0.04504   0.00695   0.01253
   171/199     6.44G   0.04104  0.004283  0.007382    0.0527        45       320    0.9581    0.9484    0.9785    0.7817     0.045  0.006942   0.01245
   172/199     6.44G   0.03952  0.004401  0.007788   0.05171        37       320    0.9443    0.9481     0.977    0.7847   0.04519  0.006976   0.01267
   173/199     6.44G   0.03733  0.004201  0.006945   0.04848        40       320    0.9318    0.9539    0.9757     0.776   0.04592  0.006877   0.01296
   174/199     6.44G   0.03612  0.004251  0.007276   0.04765        49       320    0.9469    0.9529    0.9755    0.7772   0.04655   0.00693   0.01286
   175/199     6.44G    0.0355  0.004285  0.007529   0.04732        47       320    0.9588    0.9335    0.9761    0.7661   0.04831  0.006984   0.01291
   176/199     6.44G    0.0416  0.004203  0.007202     0.053        42       320    0.9599    0.9298    0.9783    0.7528   0.04982  0.007124   0.01355
   177/199     6.44G   0.03992   0.00423  0.006982   0.05114        49       320    0.9568    0.9465    0.9779    0.7586    0.0495  0.007153   0.01326
   178/199     6.44G   0.03632  0.004287  0.008873   0.04948        42       320    0.9657    0.9493    0.9776    0.7673   0.04965  0.006973   0.01278
   179/199     6.44G    0.0324   0.00426  0.005058   0.04172        53       320    0.9768    0.9436    0.9806    0.7704   0.04954  0.006892   0.01248
   180/199     6.44G   0.03403  0.004122  0.007088   0.04524        55       320    0.9616    0.9605    0.9837    0.7802   0.04928  0.006844   0.01216
   181/199     6.44G   0.03416  0.004335  0.006653   0.04515        40       320    0.9698    0.9604    0.9847    0.7864    0.0492  0.006771   0.01201
   182/199     6.44G    0.0316  0.004256  0.005365   0.04122        47       320    0.9709    0.9572    0.9817    0.7918   0.04893  0.006722   0.01191
   183/199     6.44G   0.02774  0.004205    0.0046   0.03654        50       320    0.9714    0.9544    0.9817    0.7886   0.04852  0.006765   0.01184
   184/199     6.44G   0.03259  0.004059  0.005274   0.04192        39       320    0.9709    0.9476    0.9803    0.7885   0.04818   0.00677   0.01174
   185/199     6.44G   0.03923  0.004002  0.006878   0.05011        49       320    0.9507    0.9525      0.98    0.7952   0.04755   0.00678    0.0115
   186/199     6.44G   0.04376  0.004156  0.008803   0.05672        48       320     0.969    0.9593    0.9781     0.791   0.04722  0.006788   0.01157
   187/199     6.44G   0.03223  0.004124  0.005159   0.04151        47       320    0.9706    0.9607    0.9792    0.7812   0.04711  0.006817   0.01149
   188/199     6.44G   0.03434  0.004172  0.005833   0.04435        45       320    0.9759    0.9652    0.9824    0.7915   0.04744  0.006775    0.0112
   189/199     6.44G   0.03167  0.004203  0.005577   0.04145        49       320    0.9715    0.9642    0.9846    0.8012   0.04771  0.006796   0.01109
   190/199     6.44G   0.03422  0.004181   0.00665   0.04505        38       320    0.9787    0.9684    0.9863    0.7953   0.04761  0.006913     0.011
   191/199     6.44G   0.04028  0.004182  0.007187   0.05165        56       320    0.9751    0.9697    0.9847    0.7921   0.04797  0.006915   0.01107
   192/199     6.44G   0.03624  0.004132  0.006047   0.04642        42       320    0.9594    0.9675    0.9846    0.7988   0.04785  0.006844   0.01121
   193/199     6.44G    0.0398  0.004155  0.007313   0.05127        48       320    0.9768    0.9429    0.9836    0.7956     0.048   0.00687   0.01145
   194/199     6.44G   0.03777  0.004161  0.006418   0.04835        43       320    0.9648     0.961    0.9848    0.7982   0.04792  0.006862   0.01141
   195/199     6.44G   0.03994  0.004375  0.007549   0.05186        43       320    0.9642    0.9583    0.9849    0.8018   0.04756  0.006844    0.0114
   196/199     6.44G   0.03568  0.004178  0.006694   0.04656        44       320     0.964    0.9721    0.9868    0.8026   0.04743  0.006832   0.01162
   197/199     6.44G   0.03803  0.004123  0.006069   0.04822        47       320    0.9701    0.9649    0.9871    0.8046   0.04757  0.006824    0.0117
   198/199     6.44G   0.03731  0.003966  0.006662   0.04794        37       320    0.9653    0.9697     0.985    0.8022   0.04751  0.006774   0.01152
   199/199     6.44G   0.03993  0.004091  0.007408   0.05143        49       320    0.9638    0.9805    0.9875    0.8072   0.04737  0.006823   0.01135
